Left: 36.13632
Right: 34.11147