Left: 6.64422
Right: 14.35042