Left: 0.00808657
Right: 0.005220273