Left: 3.171109
Right: 2.087627