Left: 0.2106831
Right: 2.668954